16
0 746 178 927 779 534 749 613 151 262 457 634 872 908 563 859 
746 0 579 124 850 184 290 665 442 701 784 669 549 871 782 767 
178 579 0 572 599 447 498 703 802 543 910 346 982 819 550 573 
927 124 572 0 351 577 665 501 228 136 209 139 562 704 650 817 
779 850 599 351 0 794 553 319 739 538 462 586 962 147 837 978 
534 184 447 577 794 0 173 916 330 661 510 145 968 697 975 586 
749 290 498 665 553 173 0 114 282 164 368 647 557 898 578 704 
613 665 703 501 319 916 114 0 790 914 515 134 674 960 336 614 
151 442 802 228 739 330 282 790 0 901 215 761 668 117 176 240 
262 701 543 136 538 661 164 914 901 0 796 170 677 855 456 442 
457 784 910 209 462 510 368 515 215 796 0 458 313 606 393 903 
634 669 346 139 586 145 647 134 761 170 458 0 901 802 753 567 
872 549 982 562 962 968 557 674 668 677 313 901 0 418 228 221 
908 871 819 704 147 697 898 960 117 855 606 802 418 0 943 512 
563 782 550 650 837 975 578 336 176 456 393 753 228 943 0 384 
859 767 573 817 978 586 704 614 240 442 903 567 221 512 384 0 
